78.9517379903
61.831405989
48.4064661415
41.4493984793
39.2743486083
41.8258215403
47.321109377
56.8356425243
51.871523694
32.8185451566
19.143090901
12.1746264564
12.4880211521
17.8240065893
24.7170201799
32.8940410978
33.7344075429
17.5907260573
10.9804699075
13.8669704376
18.2507969441
21.2498741294
25.2859638819
26.7752076632
32.3053971806
28.0245915424
30.3819511008
33.0281751562
34.6873622352
35.6618818569
35.4414003091
36.3493052914
42.7398488935
43.6783053133
46.0826063847
44.2076690295
42.2552261184
40.1120049101
43.5454529203
47.383879106
55.4054148303
55.1238427625
53.3256229927
46.3835933921
37.3257642981
34.1838426418
43.5077881286
57.2847634204
65.232196101
57.59455715
42.6837716992
19.3316961331
18.4894175757
48.8669230488
75.4021451788
45.167685948
28.4993414525
25.2875954327
32.718774255
31.3414601714
7.13241948364
8.33217962646
15.7555316438
24.2536689069
19.7420464957
21.5483372165
28.6452682088
29.4912531224
35.3135771592
38.484608153
38.2921192361
37.9758575328
40.9000675618
50.0704794689
47.7991517501
40.176330093
39.4036913179
57.4650413273
39.0952395777
24.5574192277
55.9255450682
