79.0015208528
60.1803590377
44.9447290442
37.0522349271
35.1854299621
39.2805385589
46.6757168119
58.0886226331
57.2595792997
37.2313063645
22.8249381097
15.1279090021
14.3589075923
19.6037546519
27.2909990984
36.5181120086
39.6392730459
20.8911150169
7.41587965086
2.70663696413
8.83703057109
12.8764334984
17.8053915588
21.0823643971
27.6491452321
12.6314768795
9.3261053549
11.9590252967
13.6226740859
14.063789271
12.8871277204
13.1782040974
17.9236597667
11.7082198482
14.9165353684
13.2083411221
8.91120680129
6.49185182091
15.3005304823
22.0437941137
12.272709479
16.4217841644
20.562914178
18.2174557191
14.3212465345
22.2870828631
38.1021692111
50.7411597839
32.6435992836
42.0238235917
46.7096754589
54.2299206166
68.3069109417
85.4489026082
101.499636256
46.5397512372
27.9407126142
24.6213059491
33.8099695796
37.8598653314
13.216527532
7.1334049137
14.4964510896
24.4723761299
15.0782098034
5.14679092714
13.5452052916
14.5865882498
15.0350403293
12.0418597303
11.8141142519
9.56614541746
13.1668776836
13.5808514103
16.6380141908
6.43353181928
14.6841957045
27.8745215996
29.0926124373
44.4500198944
69.9195299797
