139.689017766
120.644836585
105.273189359
95.772333481
90.7214260771
90.6033272521
94.4062104348
103.586588243
108.232474497
87.7648348018
73.213969293
64.0439059555
58.6784218022
57.9856248692
62.8450995066
72.3295594345
79.7465855974
59.2826935771
44.7721430803
35.6580425859
31.6734330804
32.5413815887
36.795367478
45.9240884604
57.16074836
35.9528687654
21.2461674345
13.4716610817
12.3045666281
14.9435176921
19.3429467686
26.3391755863
38.0761046685
17.351771244
2.66772128069
5.57962890293
8.93274397744
9.40043616225
11.2131358086
14.6823555057
24.639607194
7.96405422364
10.0798172814
13.1408716781
10.2294029173
4.04689261239
9.08970488718
16.5496844792
16.5717055299
21.9623260589
22.2142768418
16.3598175719
15.2044927536
26.0836822199
37.759320655
102.652733879
83.2528124737
74.7771668774
76.4431024966
83.1036405751
58.3252329899
45.986686859
44.5846503383
53.2449920561
47.3001094479
28.1481280441
19.9426406627
25.6718535203
35.6624797589
11.0977813925
8.39936130527
11.2796349167
17.4607192702
9.47373024851
8.20471642868
10.4906469441
7.95143979191
16.5280265189
15.9282274478
5.2148525669
22.1803059883
