85.9484179303
64.0680683497
45.1641605591
33.1718750932
28.7689259603
33.4816600055
43.3579269975
57.3092896131
65.7299004103
43.0064957307
24.6584808085
10.7507475182
7.59888916569
18.0822124537
29.0006851138
40.3690752717
50.3292866432
29.9044237548
15.5208136387
10.272575989
15.085109065
21.0876033614
28.782516459
33.684590358
40.4913802555
24.4404823782
18.6865181786
20.397487242
24.1836881922
27.7767044258
29.5865701158
32.5228616065
32.1561817089
21.4567981592
20.8567464987
20.5101130271
21.9334601246
23.0211509378
28.9028620785
33.2280083326
23.2452859927
15.1165442433
14.6719165371
10.711683202
4.37199982536
15.6216004556
31.4010595676
43.7506418057
16.7987409703
23.3143229363
25.8984196488
32.0598860209
46.575077681
64.4955319279
80.4441423119
51.3040155595
25.7968032083
17.4907111721
30.8678778545
46.1709240092
17.1741390767
4.93932042285
17.82035821
31.6804452339
25.6926042966
14.0482834338
22.2762524553
27.0132830377
28.0733214327
19.2256767223
21.14146317
25.2668695875
30.9054009662
17.8454305308
15.809173581
13.2488739802
20.6765951148
15.813591221
9.98261664592
27.1095530219
54.4260128844
