42.5874265409
30.3921283656
22.9621282473
21.7780667443
23.210373218
25.9550446383
29.5341789632
34.5475705634
22.0820486583
7.67474186489
5.83153663448
10.685136751
15.5408064666
19.9993646379
22.2576822936
23.0330163329
11.0919932363
8.54992091455
14.641445238
19.6518239528
24.2740307028
29.1331146827
36.1578921109
39.441755861
13.6888412269
16.9266551093
21.445334665
25.1132871172
31.3373702488
41.3081581382
52.8463436957
63.9560500565
16.2652175829
18.7564404917
20.2604434145
20.6926725427
33.0192426109
52.4987517462
75.379812277
95.1428014857
14.2155499377
12.0270631667
4.36583910819
15.1739582563
42.104338845
75.1669055942
109.551414601
138.223207138
17.1647257792
25.310967465
44.4702105017
79.1586064165
121.904019729
164.809599926
201.726343557
16.8907187174
14.9265792207
16.6228366452
23.6161032538
7.52232321171
9.42151209416
18.5548178659
23.3564399379
28.8813491446
12.3630514921
19.8346941432
29.8804702015
38.1770985078
16.5158671076
21.260098341
25.1907221833
45.3988726679
69.7561474032
16.4217541937
9.66335392672
33.5257630938
73.7427990581
6.16213811539
37.4830603952
96.5059725298
155.047331558
