122.714689201
98.4838449419
76.374722923
58.3854954313
43.536969811
34.1188929411
32.6243832648
42.1023011993
100.026652694
75.9945895784
55.4675547654
38.1626852262
22.823884429
9.27075708298
8.65885658713
22.5257111283
80.4031685183
58.0325849367
40.530413863
27.2663799635
18.2939642228
13.3618173831
15.4335513
19.8380048412
63.9443391301
44.4938713785
32.0970011495
25.8508699099
24.0674448476
24.2808301985
23.7434296762
25.1108957005
49.229223901
34.1246582696
27.8632668692
24.2863834471
23.8225344286
22.0496858184
23.5780238972
23.944870465
36.7812051026
26.4806518396
24.9386486966
22.8046018513
16.9043142664
8.14967891439
8.03815387126
15.3562733219
33.4394449283
38.7105794153
39.6551745901
35.6714119486
31.6464848867
32.3565933587
38.1150386687
85.6672246728
54.1414526715
31.9814448715
18.4857208362
77.6994865289
46.2082910582
22.7870587746
7.34323710107
12.8849761109
49.9132761972
29.0642782823
22.1493953736
19.2272585749
46.4542243518
28.1427149292
22.8314101095
23.3630124415
25.377903147
28.6244583246
22.4197642862
19.044806784
15.6771776366
30.1637287869
26.1644568111
13.2458631393
19.632030432
