66.5974857773
45.4048977642
27.2345918949
17.5663170294
19.9021872867
30.0610965881
42.1313128731
56.1923365671
47.63311982
26.5159302204
9.79111636626
6.17763868315
17.4325125669
27.8175268424
36.6347079834
45.5679272304
36.2732181014
22.0613188729
19.4916434271
24.4755010622
30.420338715
35.037996387
40.9387830521
43.6592104896
32.4045615703
27.7482482448
31.1984866486
35.3507356545
38.4538232483
40.5231646491
40.7857115944
42.517965883
32.9288916901
33.9581141292
37.9649535836
37.1853183136
35.6990429856
32.7475238478
35.135220174
37.9306918524
34.889638304
36.8133070761
37.6424263907
31.8920418582
20.6315661373
11.6650157457
22.900730096
37.2438033952
44.1393671391
44.6736198473
38.3950609544
29.4720705438
32.9535193958
49.9344083464
68.3323503404
33.2875778796
8.37161002053
14.9921106902
34.2571412296
30.6961287101
11.8888287304
21.3219515458
30.9478713942
41.1722037518
23.1435248288
27.1763119312
37.1485374359
40.0217373006
30.2492226012
34.7657506595
36.4141652772
36.8772803203
39.8320990009
35.7660135752
36.2032281484
28.2476603342
24.0538005145
40.2688439006
26.1680063422
10.9756907682
42.0607626127
