31.6801369021
17.7689037831
6.21056718005
2.77009803741
6.5299449774
9.96670028684
13.1025204702
18.0665600953
17.0455257799
5.88485031481
5.06854568831
7.21273500324
8.67259771354
8.83744003429
5.80950264961
0.501417378603
4.72002394126
9.00131685815
12.2772404691
11.1821118718
7.02928677747
5.57602236988
12.0589012185
18.3942923855
12.5266438845
20.5371483311
20.9021726075
15.1406916778
7.70027411993
15.0566009863
30.9198003157
44.0852400248
33.3885562277
40.4241109698
40.1526863406
37.9134015686
37.1462873414
49.3873911987
65.83268658
84.3451793111
62.0956612514
73.058371669
78.3099039262
82.2174351807
89.5404595475
105.170460828
127.281330665
147.270147354
117.7960098
134.833298691
149.336757683
168.902678504
193.058542708
217.435487602
240.452919308
9.46159455586
4.47787676844
6.95693488837
10.7358547785
4.78116325921
9.59718268992
11.6921219465
6.95170346138
7.70706949468
14.3879623615
14.7585006426
5.50440227144
12.0825589896
26.8776504472
30.6917177283
23.8928164882
31.1952547052
52.8785893329
56.8578485219
60.8538259257
63.1118105816
82.6823801935
100.263669167
116.511933043
148.188598807
184.24998839
