70.9921888788
51.8202270097
36.6345099689
29.9321985352
30.8007016008
37.6941638139
47.241326095
59.8684733835
49.4083609177
28.7408350341
13.3942639446
8.13756505656
14.9981253197
23.9491307441
32.5691989095
41.8163731519
33.8452893841
16.017146746
8.35620073547
13.5699254395
19.7190741387
24.0438648977
29.4677827948
32.3200556309
26.3482605127
17.7768636606
20.2743250304
24.0747724975
26.4418865852
27.5848142201
26.9857016183
27.9786042792
24.2486995546
23.6885764005
27.4138596564
25.9909220788
23.298471272
19.7098953769
23.2812372859
27.4265781706
25.1790426342
27.1208958677
28.2272649506
22.2195587395
9.44124986407
8.38890477124
27.4364529967
42.1837636406
35.9911224505
38.7895089773
36.2094717821
35.9420606786
47.6031877151
66.3826933641
84.5678021264
37.9647571203
19.7865172271
21.475898083
35.7872869094
30.3811891362
4.40615506813
13.1738791664
22.6123157278
32.9459701032
14.3728367923
16.1053971285
25.5729165203
27.5169947247
20.8897737136
24.1500271937
24.8227990444
23.7170243589
26.0182000875
25.8043565044
26.1875194901
15.9486662905
14.0318379379
31.7382541762
20.8491221311
25.6669904571
55.1355564476
