78.3749806241
60.7350089423
46.6819092005
39.714982273
37.8554390547
41.0475059057
47.0500939633
57.1221606345
56.9913015158
38.2437849326
25.5693095789
19.1993391923
17.2397349177
19.7560222676
25.6023537784
33.6312682864
39.0744045987
21.4884951154
9.58961060763
3.44250490445
5.04850355966
7.35996032147
10.3165885972
13.4081435411
26.1604539068
10.2452651926
2.77923497478
4.55425343591
4.85557382448
4.55663523697
5.55213722117
6.89941063354
13.5216555884
3.86986281795
8.5062837118
7.42270624007
3.14992455042
11.8528124975
22.3537819066
30.9238248331
3.69544127117
15.2383429121
21.8120145079
23.7412831584
27.1733687258
38.6084108942
54.9082077799
67.8519445829
36.6425097966
49.6126022078
58.6867869251
71.3728346959
89.1285654067
108.160780539
125.235988849
47.3082397254
30.8826599774
27.620740773
34.1011789104
38.2591736206
16.3545541058
9.55459761992
12.5939367274
19.935462964
15.0999408495
1.15244939093
6.2189399701
5.40341357898
11.5446375938
5.4263652564
4.36167300611
5.10707334014
14.1814338295
9.24333693801
16.2641058796
14.9510242732
28.2686988515
31.5204465208
40.7200876821
63.1032876195
90.3325711413
