87.3313488291
65.0344905136
45.714459661
33.386548037
28.9489457008
34.0030562651
44.3592699572
58.7467869744
67.6961670704
44.5431411818
25.7221767356
11.2152439842
7.3948263484
18.3520712056
29.7496180739
41.561053289
52.9865633523
32.1493541069
17.2189092822
10.8062828093
14.9691860979
21.1264920315
29.172482392
34.4822403494
43.7889643606
27.0138499806
19.9776456575
20.7394026311
24.3312749724
28.037278018
30.0113056733
33.1131135913
35.7596489464
23.5664424429
21.3033553912
20.5711844368
22.410200213
24.0060731079
29.9685830116
34.1325746495
26.5096623784
15.3890207721
12.588761561
8.58697461883
6.5192814294
18.4214325976
33.5158892635
45.2427259718
11.1465864035
18.1037383593
22.7085616339
31.8714307438
48.1205153236
66.4363918539
82.1052444178
52.524293624
26.2776383014
17.5430932577
31.5209140793
48.2817494308
18.6479023202
4.59423191284
17.9058020509
32.4557261454
28.2305415943
15.0212743838
22.2614368228
27.1984020594
31.1594852484
20.0450792046
21.301475562
25.7940990584
31.5633131307
19.1141560616
14.7744572361
13.890411133
22.490966539
11.4716291196
6.97362596384
29.2648316413
56.2671747721
