11.1138365367
4.64480402359
5.2747374259
5.50035906283
4.29120123335
6.21312406973
10.5024612806
17.3011330956
5.08061151354
5.30458457386
5.21359931799
3.05097496597
8.97323001694
17.9346789594
28.9931759671
40.8506112903
5.6745177217
6.60057716375
3.03075231972
8.40160407927
22.3591190071
39.7358855145
56.0905113628
74.5595260329
5.48045984487
8.04702248304
9.35642413715
22.0690087767
42.5180003428
67.2696823487
94.8674546693
118.765357366
21.2784358797
26.9007708783
33.0945998999
52.0044036218
78.1237844738
112.827087935
146.61899513
178.78555529
47.6778412632
61.9158701946
77.9412779007
102.938473072
137.473354019
180.011782265
224.908586906
262.707055171
108.856007763
140.01446254
177.062668665
226.193781478
281.265613946
333.614765799
379.057959239
3.71259032455
6.66000944587
2.56585907903
10.2859340476
4.46411996408
5.49369942183
7.60943158532
28.5623753609
49.0536860577
5.62157218754
7.73038422684
29.0035848845
61.8285897623
14.7170956598
20.7082893566
47.4660763407
88.9234810842
131.120918307
43.4997972492
65.7085732837
106.119062487
161.195329255
101.789632337
152.972198131
229.504664717
302.393851002
