60.1366808466
43.6509994468
29.3825262461
19.3409892275
11.2269455552
5.53609730352
5.40985960656
13.2517685524
39.242258696
24.1814455313
13.6568384707
7.24040844061
5.22964378369
6.52716008942
5.57063374571
3.93495052817
17.3174288227
4.29554751522
2.97915128656
5.81960224521
5.70522659802
4.66269213846
7.4237721538
6.15301134528
9.51364610655
18.3579366828
21.9624557808
19.904271854
13.612325722
6.99085976707
12.4118803804
19.5576719339
37.1983144505
46.9741384766
49.3715399891
47.5264284537
40.679500404
38.8518770308
41.0255123174
49.9247468823
73.2058568136
86.4430616913
92.3330989283
92.8719772484
90.4794392528
90.6182909385
96.4477825213
103.554390504
136.404574096
151.718986722
159.912926135
166.769305954
173.449715849
179.283500381
186.64399887
32.5797597087
14.2774897598
6.31788522405
3.20720129206
20.9666904935
4.59357952388
5.15610215906
6.47526472911
5.9494971443
8.0440359389
13.0688268627
8.77592043635
0.848032300428
27.9749290074
36.2998418064
31.1186461141
22.5084333178
27.3206240198
67.1475764199
72.6737348972
65.7087504402
63.5664201579
116.193389174
123.136318188
131.080408974
141.679321614
