101.39246938
89.1456774849
80.0569211398
75.2097706841
72.6609540462
72.5473210556
74.2106012
79.3604571517
71.5485739403
58.4785689308
50.9945576358
46.5581176892
42.9785820457
41.1294897369
41.7446663217
44.8801149155
45.0757034003
33.276233803
26.6307829729
22.2780941213
18.5195852064
15.5419486693
15.6916962179
17.2469172746
26.208228806
14.0002108651
8.81275274143
6.46133754187
6.6111257961
12.2688396317
19.404269242
26.5423488244
12.1491877679
0.411756215733
6.61021056659
7.60528530681
15.3630874751
28.1107274653
43.8718026461
56.77157454
7.76763607051
5.83111637628
6.05901983483
7.47781385793
24.137850218
47.4756172333
72.5160350443
93.2355408608
7.86742316331
5.81537249991
16.7520488516
43.5060896648
77.3599794406
111.964869953
141.142664541
72.2567567433
63.1618053085
57.9600791639
58.5959974828
51.5260884348
38.5941472275
32.5495805838
27.5270609518
28.1925080616
23.9140890114
15.7528201137
10.3014822357
9.60642808752
11.2477659338
5.95842790852
5.79956650504
18.9828292165
35.2358967657
4.44287424486
5.66421133385
17.6959226499
45.1093273034
5.44715575309
17.5950840831
61.2602370255
106.368318729
