183.477455527
159.045121074
137.462939344
120.750748262
108.017608552
100.326826501
97.6115200744
101.979787077
152.274115445
126.647100425
105.347295957
88.2998530715
74.5799665647
65.3420263611
63.1029195493
68.5024262186
123.798232724
98.019774922
76.8051250706
59.4668829875
45.950245915
37.0046526161
32.861367788
39.3519269045
99.7247571211
73.8658610366
53.1294291293
36.8171997283
23.9682457404
14.1900533608
11.1007637518
18.0794158296
78.3830115063
53.4506416886
34.1903953721
20.223091359
11.3694023758
5.23617065636
4.11316896039
9.39167587994
60.5208273039
36.5790374793
19.6687259414
10.0997347192
6.64368756087
5.40183018607
6.05012220877
8.54247149204
26.3449673095
15.997460621
15.8162195229
13.7018014529
9.0949239936
7.71747490364
11.1850944513
141.490310515
111.017091369
91.1270556972
80.4123327353
124.505704027
90.0317661246
64.8622931233
50.7032253821
49.2451257026
85.2050741049
55.4567274563
32.9085445039
22.2443993062
75.1375975306
42.0769098413
21.3756991414
7.92390611179
7.5573741057
43.2538375653
17.5144264404
6.58144031098
5.20987509865
17.5630220877
10.3090753923
2.53055700925
6.48700347006
