87.0237546073
64.8780578449
45.1752426716
31.2417257964
23.8240016063
26.6753135734
36.1847489282
50.2159227465
65.0172432456
42.6003282765
24.2875478613
9.71239395882
5.39419221611
16.8647023521
27.7281344276
38.8352193297
46.3001552116
26.1539219672
12.363560691
10.2051654469
17.1056827355
23.8226507187
31.9030113581
37.0227034722
31.6716848298
16.3863087365
14.7923541602
20.1093794927
25.3594067219
29.66316536
32.1272436711
36.0033191116
18.7449478727
14.5125521167
20.9111457504
22.8755623552
23.1499394542
21.7847764832
25.7629975426
29.983205337
13.1424472227
21.9525728703
28.259445604
26.5361215039
17.3985751392
2.89566288825
13.5278290959
26.8525700611
41.4074802691
50.2293429147
50.5717786131
46.6600818665
45.2021820398
50.5451313881
60.7394095891
51.7871887364
25.0644574494
13.1964964482
26.2589161495
44.1592055148
15.6750806654
6.63866181508
19.5208927323
33.1541222875
19.550545375
11.9285363062
23.9629566949
30.1350932419
17.3423116997
17.2936888368
22.467202938
26.0378825452
31.9850750724
17.3798558309
24.5223173029
18.5532784632
13.1323540405
36.4213613087
32.2226810799
22.3324101165
35.8347740156
